100851805171506
100851805171514
100851805171522
100851805171530
100851805171548
100851805171555
100851805171563
100851805171571
100851805171589
100851805171597
100851805171605
100851805171613
100851805171621
100851805171639
100851805171647
100851805171654
100851805171662
100851805171670
100851805171688
100851805171696
100851805171704
100851805171712
100851805171720
100851805171738
100851805171746
100851805171753
100851805171761
100851805171779
100851805171787
100851805171795
100851805171803
100851805171811
100851805171829
100851805171837
100851805171845
100851805171852
100851805171860
100851805171878
100851805171886
100851805171894
100851805171902
100851805171910
100851805171928
100851805171936
100851805171944
100851805171951
100851805171969
100851805171977
100851805171985
100851805171993
100851805172009
100851805172017
100851805172025
100851805172033
100851805172041
100851805172058
100851805172066
100851805172074
100851805172082
100851805172090
100851805172108
100851805172116
100851805172124
100851805172132
100851805172140
100851805172157
100851805172165
100851805172173
100851805172181
100851805172199
100851805172207
100851805172215
100851805172223
100851805172231
100851805172249
100851805172256
100851805172264
100851805172272
100851805172280
100851805172298
100851805172306
100851805172314
100851805172322
100851805172330
100851805172348
100851805172355
100851805172363
100851805172371
100851805172389
100851805172397
100851805172405
100851805172413
100851805172421
100851805172439
100851805172447
100851805172454
100851805172462
100851805172470
100851805172488
100851805172496
100851805172504
100851805172512
100851805172520
100851805172538
100851805172546
100851805172553
100851805172561
100851805172579
100851805172587
100851805172595
100851805172603
100851805172611
100851805172629
100851805172637
100851805172645
100851805172652
100851805172660
100851805172678
100851805172686
100851805172694
100851805172702
100851805172710
100851805172728
100851805172736
100851805172744
100851805172751
100851805172769
100851805172777
100851805172785
100851805172793
100851805172801
100851805172819
100851805172827
100851805172835
100851805172843
100851805172850
100851805172868
100851805172876
100851805172884
100851805172892
100851805172900
100851805172918
100851805172926
100851805172934
100851805172942
100851805172959
100851805172967
100851805172975
100851805172983
100851805172991
100851805173007
100851805173015
100851805173023
100851805173031
100851805173049
100851805173056
100851805173064
100851805173072
100851805173080
100851805173098
100851805173106
100851805173114
100851805173122
100851805173130
100851805173148
100851805173155
100851805173163
100851805173171
100851805173189
100851805173197
100851805173205
100851805173213
100851805173221
100851805173239
100851805173247
100851805173254
100851805173262
100851805173270
100851805173288
100851805173296
100851805173304
100851805173312
100851805173320
100851805173338
100851805173346
100851805173353
100851805173361
100851805173379
100851805173387
100851805173395
100851805173403
100851805173411
100851805173429
100851805173437
100851805173445
100851805173452
100851805173460
100851805173478
100851805173486
100851805173494
100851805173502
100851805173510
100851805173528
100851805173536
100851805173544
100851805173551
100851805173569
100851805173577
100851805173585
100851805173593
100851805173601
100851805173619
100851805173627
100851805173635
100851805173643
100851805173650
100851805173668
100851805173676
100851805173684
100851805173692
100851805173700
100851805173718
100851805173726
100851805173734
100851805173742
100851805173759
100851805173767
100851805173775
100851805173783
100851805173791
100851805173809
100851805173817
100851805173825
100851805173833
100851805173841
100851805173858
100851805173866
100851805173874
100851805173882
100851805173890
100851805173908
100851805173916
100851805173924
100851805173932
100851805173940
100851805173957
100851805173965
100851805173973
100851805173981
100851805173999
100851805174005
100851805174013
100851805174021
100851805174039
100851805174047
100851805174054
100851805174062
100851805174070
100851805174088
100851805174096
100851805174104
100851805174112
100851805174120
100851805174138
100851805174146
100851805174153
100851805174161
100851805174179
100851805174187
100851805174195
100851805174203
100851805174211
100851805174229
100851805174237
100851805174245
100851805174252
100851805174260
100851805174278
100851805174286
100851805174294
100851805174302
100851805174310
100851805174328
100851805174336
100851805174344
100851805174351
100851805174369
100851805174377
100851805174385
100851805174393
100851805174401
100851805174419
100851805174427
100851805174435
100851805174443
100851805174450
100851805174468
100851805174476
100851805174484
100851805174492
100851805174500
100851805174518
100851805174526
100851805174534
100851805174542
100851805174559
100851805174567
100851805174575
100851805174583
100851805174591
100851805174609
100851805174617
100851805174625
100851805174633
100851805174641
100851805174658
100851805174666
100851805174674
100851805174682
100851805174690
100851805174708
100851805174716
100851805174724
100851805174732
100851805174740
100851805174757
100851805174765
100851805174773
100851805174781
100851805174799
100851805174807
100851805174815
100851805174823
100851805174831
100851805174849
100851805174856
100851805174864
100851805174872
100851805174880
100851805174898
100851805174906
100851805174914
100851805174922
100851805174930
100851805174948
100851805174955
100851805174963
100851805174971
100851805174989
100851805174997
100851805175002
100851805175010
100851805175028
100851805175036
100851805175044
100851805175051
100851805175069
100851805175077
100851805175085
100851805175093
100851805175101
100851805175119
100851805175127
100851805175135
100851805175143
100851805175150
100851805175168
100851805175176
100851805175184
100851805175192
100851805175200
100851805175218
100851805175226
100851805175234
100851805175242
100851805175259
100851805175267
100851805175275
100851805175283
100851805175291
100851805175309
100851805175317
100851805175325
100851805175333
100851805175341
100851805175358
100851805175366
100851805175374
100851805175382
100851805175390
100851805175408
100851805175416
100851805175424
100851805175432
100851805175440
100851805175457
100851805175465
100851805175473
100851805175481
100851805175499
100851805175507
100851805175515
100851805175523
100851805175531
100851805175549
100851805175556
100851805175564
100851805175572
100851805175580
100851805175598
100851805175606
100851805175614
100851805175622
100851805175630
100851805175648
100851805175655
100851805175663
100851805175671
100851805175689
100851805175697
100851805175705
100851805175713
100851805175721
100851805175739
100851805175747
100851805175754
100851805175762
100851805175770
100851805175788
100851805175796
100851805175804
100851805175812
100851805175820
100851805175838
100851805175846
100851805175853
100851805175861
100851805175879
100851805175887
100851805175895
100851805175903
100851805175911
100851805175929
100851805175937
100851805175945
100851805175952
100851805175960
100851805175978
100851805175986
100851805175994
100851805176000
100851805176018
100851805176026
100851805176034
100851805176042
100851805176059
100851805176067
100851805176075
100851805176083
100851805176091
100851805176109
100851805176117
100851805176125
100851805176133
100851805176141
100851805176158
100851805176166
100851805176174
100851805176182
100851805176190
100851805176208
100851805176216
100851805176224
100851805176232
100851805176240
100851805176257
100851805176265
100851805176273
100851805176281
100851805176299
100851805176307
100851805176315
100851805176323
100851805176331
100851805176349
100851805176356
100851805176364
100851805176372
100851805176380
100851805176398
100851805176406
100851805176414
100851805176422
100851805176430
100851805176448
100851805176455
100851805176463
100851805176471
100851805176489
100851805176497
100851805176505
100851805176513
100851805176521
100851805176539
100851805176547
100851805176554
100851805176562
100851805176570
100851805176588
100851805176596
100851805176604
100851805176612
100851805176620
100851805176638
100851805176646
100851805176653
100851805176661
100851805176679
100851805176687
100851805176695
100851805176703
100851805176711
100851805176729
100851805176737
100851805176745
100851805176752
100851805176760
100851805176778
100851805176786
100851805176794
100851805176802
100851805176810
100851805176828
100851805176836
100851805176844
100851805176851
100851805176869
100851805176877
100851805176885
100851805176893
100851805176901
100851805176919
100851805176927
100851805176935
100851805176943
100851805176950
100851805176968
100851805176976
100851805176984
100851805176992
100851805177008
100851805177016
100851805177024
100851805177032
100851805177040
100851805177057
100851805177065
100851805177073
100851805177081
100851805177099
100851805177107
100851805177115
100851805177123
100851805177131
100851805177149
100851805177156
100851805177164
100851805177172
100851805177180
100851805177198
100851805177206
100851805177214
100851805177222
100851805177230
100851805177248
100851805177255
100851805177263
100851805177271
100851805177289
100851805177297
100851805177305
100851805177313
100851805177321
100851805177339
100851805177347
100851805177354
100851805177362
100851805177370
100851805177388
100851805177396
100851805177404
100851805177412
100851805177420
100851805177438
100851805177446
100851805177453
100851805177461
100851805177479
100851805177487
100851805177495
100851805177503
100851805177511
100851805177529
100851805177537
100851805177545
100851805177552
100851805177560
100851805177578
100851805177586
100851805177594
100851805177602
100851805177610
100851805177628
100851805177636
100851805177644
100851805177651
100851805177669
100851805177677
100851805177685
100851805177693
100851805177701
100851805177719
100851805177727
100851805177735
100851805177743
100851805177750
100851805177768
100851805177776
100851805177784
100851805177792
100851805177800
100851805177818
100851805177826
100851805177834
100851805177842
100851805177859
100851805177867
100851805177875
100851805177883
100851805177891
100851805177909
100851805177917
100851805177925
100851805177933
100851805177941
100851805177958
100851805177966
100851805177974
100851805177982
100851805177990
100851805178006
100851805178014
100851805178022
100851805178030
100851805178048
100851805178055
100851805178063
100851805178071
100851805178089
100851805178097
100851805178105
100851805178113
100851805178121
100851805178139
100851805178147
100851805178154
100851805178162
100851805178170
100851805178188
100851805178196
100851805178204
100851805178212
100851805178220
100851805178238
100851805178246
100851805178253
100851805178261
100851805178279
100851805178287
100851805178295
100851805178303
100851805178311
100851805178329
100851805178337
100851805178345
100851805178352
100851805178360
100851805178378
100851805178386
100851805178394
100851805178402
100851805178410
100851805178428
100851805178436
100851805178444
100851805178451
100851805178469
100851805178477
100851805178485
100851805178493
100851805178501
100851805178519
100851805178527
100851805178535
100851805178543
100851805178550
100851805178568
100851805178576
100851805178584
100851805178592
100851805178600
100851805178618
100851805178626
100851805178634
100851805178642
100851805178659
100851805178667
100851805178675
100851805178683
100851805178691
100851805178709
100851805178717
100851805178725
100851805178733
100851805178741
100851805178758
100851805178766
100851805178774
100851805178782
100851805178790
100851805178808
100851805178816
100851805178824
100851805178832
100851805178840
100851805178857
100851805178865
100851805178873
100851805178881
100851805178899
100851805178907
100851805178915
100851805178923
100851805178931
100851805178949
100851805178956
100851805178964
100851805178972
100851805178980
100851805178998
100851805179004
100851805179012
100851805179020
100851805179038
100851805179046
100851805179053
100851805179061
100851805179079
100851805179087
100851805179095
100851805179103
100851805179111
100851805179129
100851805179137
100851805179145
100851805179152
100851805179160
100851805179178
100851805179186
100851805179194
100851805179202
100851805179210
100851805179228
100851805179236
100851805179244
100851805179251
100851805179269
100851805179277
100851805179285
100851805179293
100851805179301
100851805179319
100851805179327
100851805179335
100851805179343
100851805179350
100851805179368
100851805179376
100851805179384
100851805179392
100851805179400
100851805179418
100851805179426
100851805179434
100851805179442
100851805179459
100851805179467
100851805179475
100851805179483
100851805179491
100851805179509
100851805179517
100851805179525
100851805179533
100851805179541
100851805179558
100851805179566
100851805179574
100851805179582
100851805179590
100851805179608
100851805179616
100851805179624
100851805179632
100851805179640
100851805179657
100851805179665
100851805179673
100851805179681
100851805179699
100851805179707
100851805179715
100851805179723
100851805179731
100851805179749
100851805179756
100851805179764
100851805179772
100851805179780
100851805179798
100851805179806
100851805179814
100851805179822
100851805179830
100851805179848
100851805179855
100851805179863
100851805179871
100851805179889
100851805179897
100851805179905
100851805179913
100851805179921
100851805179939
100851805179947
100851805179954
100851805179962
100851805179970
100851805179988
100851805179996
100851805180002
100851805180010
100851805180028
100851805180036
100851805180044
100851805180051
100851805180069
100851805180077
100851805180085
100851805180093
100851805180101
100851805180119
100851805180127
100851805180135
100851805180143
100851805180150
100851805180168
100851805180176
100851805180184
100851805180192
100851805180200
100851805180218
100851805180226
100851805180234
100851805180242
100851805180259
100851805180267
100851805180275
100851805180283
100851805180291
100851805180309
100851805180317
100851805180325
100851805180333
100851805180341
100851805180358
100851805180366
100851805180374
100851805180382
100851805180390
100851805180408
100851805180416
100851805180424
100851805180432
100851805180440
100851805180457
100851805180465
100851805180473
100851805180481
100851805180499
100851805180507
100851805180515
100851805180523
100851805180531
100851805180549
100851805180556
100851805180564
100851805180572
100851805180580
100851805180598
100851805180606
100851805180614
100851805180622
100851805180630
100851805180648
100851805180655
100851805180663
100851805180671
100851805180689
100851805180697
100851805180705
100851805180713
100851805180721
100851805180739
100851805180747
100851805180754
100851805180762
100851805180770
100851805180788
100851805180796
100851805180804
100851805180812
100851805180820
100851805180838
100851805180846
100851805180853
100851805180861
100851805180879
100851805180887
100851805180895
100851805180903
100851805180911
100851805180929
100851805180937
100851805180945
100851805180952
100851805180960
100851805180978
100851805180986
100851805180994
100851805181000
100851805181018
100851805181026
100851805181034
100851805181042
100851805181059
100851805181067
100851805181075
100851805181083
100851805181091
100851805181109
100851805181117
100851805181125
100851805181133
100851805181141
100851805181158
100851805181166
100851805181174
100851805181182
100851805181190
100851805181208
100851805181216
100851805181224
100851805181232
100851805181240
100851805181257
100851805181265
100851805181273
100851805181281
100851805181299
100851805181307
100851805181315
100851805181323
100851805181331
100851805181349
100851805181356
100851805181364
100851805181372
100851805181380
100851805181398
100851805181406
100851805181414
100851805181422
100851805181430
100851805181448
100851805181455
100851805181463
100851805181471
100851805181489
100851805181497

